101c101
< 300 416 136 -1 -1 -1 -1 -1 
---
> 300 -1 -1 416 -1 -1 -1 136 
141c141
< 32 268 160 396 -1 -1 -1 -1 
---
> 32 268 -1 -1 160 -1 396 -1 
181c181
< 12 420 292 68 -1 -1 -1 -1 
---
> 12 420 68 292 -1 -1 -1 -1 
185c185
< 12 420 292 68 320 -1 -1 -1 
---
> 12 420 68 292 320 -1 -1 -1 
189c189
< 12 420 292 68 320 224 -1 -1 
---
> 12 420 68 292 320 224 -1 -1 
193c193
< 68 320 224 12 -1 -1 -1 -1 
---
> 68 12 320 -1 -1 224 -1 -1 
197c197
< 68 320 224 12 -1 -1 -1 -1 
---
> 68 12 320 -1 -1 224 -1 -1 
201c201
< 68 320 224 12 44 -1 -1 -1 
---
> 68 12 320 44 -1 224 -1 -1 
205c205
< 68 320 224 12 44 196 -1 -1 
---
> 68 12 320 44 196 224 -1 -1 
209c209
< 68 320 224 12 44 196 292 -1 
---
> 68 12 320 44 196 224 292 -1 
213c213
< 68 320 224 12 44 196 292 480 
---
> 68 12 320 44 196 224 292 480 
217c217
< 320 224 12 44 196 292 480 160 
---
> 12 320 44 196 224 292 480 160 
221c221
< 320 224 12 44 196 292 480 160 
---
> 12 320 44 196 224 292 480 160 
225c225
< 320 224 12 44 196 292 480 160 
---
> 12 320 44 196 224 292 480 160 
229c229
< 12 44 292 160 -1 -1 -1 -1 
---
> 12 -1 44 -1 -1 292 -1 160 
233c233
< 12 44 292 160 108 -1 -1 -1 
---
> 12 108 44 -1 -1 292 -1 160 
237c237
< 12 44 292 160 108 328 -1 -1 
---
> 12 108 44 328 -1 292 -1 160 
241c241
< 12 44 292 160 108 328 232 -1 
---
> 12 108 44 328 232 292 -1 160 
245c245
< 108 328 232 36 -1 -1 -1 -1 
---
> 108 328 36 -1 232 -1 -1 -1 
249c249
< 108 328 232 36 264 -1 -1 -1 
---
> 108 328 36 264 232 -1 -1 -1 
253c253
< 108 328 232 36 264 484 -1 -1 
---
> 108 328 36 264 232 484 -1 -1 
257c257
< 108 328 232 36 264 484 136 -1 
---
> 108 328 36 264 232 484 136 -1 
261c261
< 108 328 232 36 264 484 136 -1 
---
> 108 328 36 264 232 484 136 -1 
265c265
< 36 264 136 -1 -1 -1 -1 -1 
---
> 36 -1 264 -1 -1 136 -1 -1 
269c269
< 36 264 136 456 -1 -1 -1 -1 
---
> 36 456 264 -1 -1 136 -1 -1 
273c273
< 36 264 136 456 12 -1 -1 -1 
---
> 36 456 264 12 -1 136 -1 -1 
277c277
< 36 264 136 456 12 352 -1 -1 
---
> 36 456 264 12 352 136 -1 -1 
281c281
< 36 264 136 456 12 352 300 -1 
---
> 36 456 264 12 352 136 300 -1 
285c285
< 36 264 136 456 12 352 300 192 
---
> 36 456 264 12 352 136 300 192 
289c289
< 36 264 136 456 12 352 192 296 
---
> 36 456 264 12 352 136 192 296 
293c293
< 264 136 456 12 352 192 296 488 
---
> 456 264 12 352 136 192 296 488 
297c297
< 136 456 12 352 192 296 488 44 
---
> 264 12 352 136 192 296 488 44 
301c301
< 456 12 352 192 296 488 44 128 
---
> 12 352 136 192 296 488 44 128 
305c305
< 456 12 192 296 488 44 128 352 
---
> 12 136 192 296 488 44 128 352 
309c309
< 12 192 296 488 44 128 352 384 
---
> 136 192 296 488 44 128 352 384 
313c313
< 12 192 296 488 44 128 352 396 
---
> 136 192 296 488 44 128 352 396 
317c317
< 12 296 44 128 396 108 -1 -1 
---
> 136 108 296 -1 44 128 -1 396 
321c321
< 12 296 44 128 396 108 364 -1 
---
> 136 108 296 364 44 128 -1 396 
325c325
< 12 296 44 128 396 108 364 264 
---
> 136 108 296 364 44 128 264 396 
329c329
< 12 296 44 128 396 108 364 268 
---
> 136 108 296 364 44 128 396 268 
333c333
< 12 296 44 396 108 364 268 140 
---
> 108 296 364 44 128 396 268 140 
337c337
< 12 296 44 396 108 268 140 352 
---
> 108 296 44 128 396 268 140 352 
341c341
< 296 44 396 108 268 140 352 4 
---
> 296 44 128 396 268 140 352 4 
345c345
< 44 396 108 268 140 352 4 224 
---
> 44 128 396 268 140 352 4 224 
349c349
< 44 108 268 140 352 4 224 396 
---
> 44 128 268 140 352 4 224 396 
353c353
< 108 268 140 352 4 224 396 488 
---
> 128 268 140 352 4 224 396 488 
369c369
< 140 4 396 76 -1 -1 -1 -1 
---
> 140 76 4 -1 396 -1 -1 -1 
373c373
< 140 4 396 76 -1 -1 -1 -1 
---
> 140 76 4 -1 396 -1 -1 -1 
377c377
< 140 4 396 76 288 -1 -1 -1 
---
> 140 76 4 288 396 -1 -1 -1 
449c449
< 256 292 140 4 -1 -1 -1 -1 
---
> 256 292 -1 140 4 -1 -1 -1 
453c453
< 256 292 140 4 392 -1 -1 -1 
---
> 256 292 392 140 4 -1 -1 -1 
457c457
< 256 292 140 4 392 356 -1 -1 
---
> 256 292 392 140 4 356 -1 -1 
461c461
< 256 292 140 392 356 8 -1 -1 
---
> 256 292 392 140 356 8 -1 -1 
465c465
< 256 292 140 392 356 8 140 -1 
---
> 256 292 392 140 356 8 140 -1 
469c469
< 256 292 140 392 356 8 140 264 
---
> 256 292 392 140 356 8 140 264 
473c473
< 256 292 140 392 356 8 140 264 
---
> 256 292 392 140 356 8 140 264 
477c477
< 292 140 392 356 8 140 264 492 
---
> 292 392 140 356 8 140 264 492 
481c481
< 292 140 392 356 8 140 264 492 
---
> 292 392 140 356 8 140 264 492 
485c485
< 292 140 392 8 140 264 -1 -1 
---
> 292 392 140 -1 8 140 264 -1 
489c489
< 292 140 392 8 140 264 -1 -1 
---
> 292 392 140 -1 8 140 264 -1 
493c493
< 292 140 392 8 140 264 -1 -1 
---
> 292 392 140 -1 8 140 264 -1 
497c497
< 292 140 392 8 140 264 -1 -1 
---
> 292 392 140 -1 8 140 264 -1 
501c501
< 292 140 392 8 140 264 488 -1 
---
> 292 392 140 488 8 140 264 -1 
505c505
< 292 140 392 8 140 264 488 -1 
---
> 292 392 140 488 8 140 264 -1 
557c557
< 40 12 132 108 -1 -1 -1 -1 
---
> 40 12 108 132 -1 -1 -1 -1 
561c561
< 40 12 132 108 356 -1 -1 -1 
---
> 40 12 108 132 356 -1 -1 -1 
565c565
< 108 356 -1 -1 -1 -1 -1 -1 
---
> 108 -1 356 -1 -1 -1 -1 -1 
569c569
< 108 356 -1 -1 -1 -1 -1 -1 
---
> 108 -1 356 -1 -1 -1 -1 -1 
573c573
< 108 356 388 -1 -1 -1 -1 -1 
---
> 108 388 356 -1 -1 -1 -1 -1 
577c577
< 108 356 388 -1 -1 -1 -1 -1 
---
> 108 388 356 -1 -1 -1 -1 -1 
581c581
< 108 356 388 -1 -1 -1 -1 -1 
---
> 108 388 356 -1 -1 -1 -1 -1 
585c585
< 108 356 388 452 -1 -1 -1 -1 
---
> 108 388 356 452 -1 -1 -1 -1 
589c589
< 108 356 388 452 324 -1 -1 -1 
---
> 108 388 356 452 324 -1 -1 -1 
645c645
< 420 292 -1 -1 -1 -1 -1 -1 
---
> 420 -1 292 -1 -1 -1 -1 -1 
685c685
< 288 168 416 132 64 -1 -1 -1 
---
> 288 168 64 416 132 -1 -1 -1 
689c689
< 288 168 416 132 64 -1 -1 -1 
---
> 288 168 64 416 132 -1 -1 -1 
693c693
< 288 416 132 64 172 -1 -1 -1 
---
> 288 64 416 132 172 -1 -1 -1 
697c697
< 288 416 132 64 172 -1 -1 -1 
---
> 288 64 416 132 172 -1 -1 -1 
701c701
< 288 416 132 64 172 -1 -1 -1 
---
> 288 64 416 132 172 -1 -1 -1 
705c705
< 288 416 132 64 172 264 -1 -1 
---
> 288 64 416 132 172 264 -1 -1 
709c709
< 288 416 132 64 172 264 484 -1 
---
> 288 64 416 132 172 264 484 -1 
713c713
< 288 416 132 64 172 264 484 196 
---
> 288 64 416 132 172 264 484 196 
717c717
< 288 416 132 64 172 264 484 196 
---
> 288 64 416 132 172 264 484 196 
721c721
< 416 132 64 172 264 484 196 324 
---
> 64 416 132 172 264 484 196 324 
725c725
< 416 132 172 264 108 -1 -1 -1 
---
> 416 132 108 172 264 -1 -1 -1 
729c729
< 416 132 172 264 108 204 -1 -1 
---
> 416 132 108 172 264 204 -1 -1 
733c733
< 416 132 172 264 108 204 -1 -1 
---
> 416 132 108 172 264 204 -1 -1 
737c737
< 416 132 172 264 108 204 -1 -1 
---
> 416 132 108 172 264 204 -1 -1 
741c741
< 416 132 172 264 108 204 76 -1 
---
> 416 132 108 172 264 204 76 -1 
745c745
< 416 132 172 264 108 204 76 -1 
---
> 416 132 108 172 264 204 76 -1 
749c749
< 108 204 76 -1 -1 -1 -1 -1 
---
> 108 -1 204 -1 -1 -1 76 -1 
753c753
< 108 204 76 -1 -1 -1 -1 -1 
---
> 108 -1 204 -1 -1 -1 76 -1 
757c757
< 108 204 76 12 -1 -1 -1 -1 
---
> 108 12 204 -1 -1 -1 76 -1 
761c761
< 108 204 76 0 -1 -1 -1 -1 
---
> 108 204 0 -1 -1 76 -1 -1 
765c765
< 108 204 76 0 416 -1 -1 -1 
---
> 108 204 0 416 -1 76 -1 -1 
769c769
< 108 204 76 0 416 448 -1 -1 
---
> 108 204 0 416 448 76 -1 -1 
773c773
< 108 204 76 0 416 448 132 -1 
---
> 108 204 0 416 448 76 132 -1 
777c777
< 108 204 76 0 416 448 132 -1 
---
> 108 204 0 416 448 76 132 -1 
781c781
< 0 416 132 72 -1 -1 -1 -1 
---
> 0 72 416 -1 -1 132 -1 -1 
785c785
< 0 416 132 72 -1 -1 -1 -1 
---
> 0 72 416 -1 -1 132 -1 -1 
817c817
< 4 136 392 68 -1 -1 -1 -1 
---
> 4 136 68 -1 392 -1 -1 -1 
821c821
< 4 136 392 68 -1 -1 -1 -1 
---
> 4 136 68 -1 392 -1 -1 -1 
825c825
< 4 136 392 68 -1 -1 -1 -1 
---
> 4 136 68 -1 392 -1 -1 -1 
889c889
< 192 452 72 40 -1 -1 -1 -1 
---
> 192 452 40 -1 -1 -1 72 -1 
893c893
< 192 452 72 40 -1 -1 -1 -1 
---
> 192 452 40 -1 -1 -1 72 -1 
897c897
< 192 452 72 40 -1 -1 -1 -1 
---
> 192 452 40 -1 -1 -1 72 -1 
901c901
< 192 452 72 40 -1 -1 -1 -1 
---
> 192 452 40 -1 -1 -1 72 -1 
905c905
< 192 452 72 40 -1 -1 -1 -1 
---
> 192 452 40 -1 -1 -1 72 -1 
909c909
< 192 452 72 40 -1 -1 -1 -1 
---
> 192 452 40 -1 -1 -1 72 -1 
913c913
< 192 452 72 40 388 -1 -1 -1 
---
> 192 452 40 388 -1 -1 72 -1 
917c917
< 192 452 72 40 388 -1 -1 -1 
---
> 192 452 40 388 -1 -1 72 -1 
921c921
< 192 452 72 40 388 488 -1 -1 
---
> 192 452 40 388 488 -1 72 -1 
925c925
< 192 452 72 40 388 488 -1 -1 
---
> 192 452 40 388 488 -1 72 -1 
929c929
< 192 452 72 40 388 488 356 -1 
---
> 192 452 40 388 488 356 72 -1 
933c933
< 192 452 72 488 356 0 -1 -1 
---
> 192 452 0 -1 488 356 72 -1 
937c937
< 192 452 72 488 356 0 -1 -1 
---
> 192 452 0 -1 488 356 72 -1 
941c941
< 192 452 72 488 356 0 236 -1 
---
> 192 452 0 236 488 356 72 -1 
945c945
< 192 452 72 488 356 0 236 164 
---
> 192 452 0 236 488 356 72 164 
949c949
< 452 72 488 356 0 236 164 136 
---
> 452 0 236 488 356 72 164 136 
953c953
< 72 488 356 0 236 164 136 448 
---
> 0 236 488 356 72 164 136 448 
957c957
< 0 164 136 72 -1 -1 -1 -1 
---
> 0 72 -1 -1 -1 164 136 -1 
961c961
< 0 164 136 72 428 -1 -1 -1 
---
> 0 72 428 -1 -1 164 136 -1 
965c965
< 0 164 136 72 428 -1 -1 -1 
---
> 0 72 428 -1 -1 164 136 -1 
969c969
< 0 164 136 72 428 352 -1 -1 
---
> 0 72 428 352 -1 164 136 -1 
1001c1001
< 172 128 96 -1 -1 -1 -1 -1 
---
> 172 96 128 -1 -1 -1 -1 -1 
1005c1005
< 172 128 96 -1 -1 -1 -1 -1 
---
> 172 96 128 -1 -1 -1 -1 -1 
1009c1009
< 172 128 96 -1 -1 -1 -1 -1 
---
> 172 96 128 -1 -1 -1 -1 -1 
1013c1013
< 172 128 96 -1 -1 -1 -1 -1 
---
> 172 96 128 -1 -1 -1 -1 -1 
